{
 "cells": [
  {
   "cell_type": "markdown",
   "metadata": {},
   "source": [
    "# # **Statistcs in Python**\n",
    "## Correlation in python\n",
    "\n",
    "Written by: M.Danish Azeem\\\n",
    "Date: 26.12.2023\\\n",
    "Email: danishazeem365@gmail.com"
   ]
  },
  {
   "cell_type": "markdown",
   "metadata": {},
   "source": [
    "**Correlation**\n",
    "\n",
    "What is Correlation?\\\n",
    "Variables within a dataset can be related for lots of reasons.\n",
    "\n",
    "**Types**:\n",
    "\n",
    "Pearson's r\\\n",
    "Spearman's rho\\\n",
    "Kendall's tau\n",
    "\n",
    "**For example:**\n",
    "\n",
    "1.  One variable could cause or depend on the values of another variable.\n",
    "2.  One variable could be lightly associated with another variable.\n",
    "3.  Two variables could depend on a third unknown variable.\n",
    "\n",
    "**Positive Correlation:** both variables change in the same direction.\\\n",
    "**Negative Correlation:** No Relationship in the change of the variables.\\\n",
    "**Negative Correlation:** variables change in opposite direction.\n",
    "\n",
    "**Covariance**\n",
    "\n",
    "* Variables can be related by a linear relationship. This is a relationship that is consistently additive across the two data samples.\n",
    "* This relationship can be summarized between two variables, called the covariance.\n",
    "* The sign of the covariance can be interpreted as whether the two variables change in the same direction (positive) or change in different directions (negative).\n",
    "* The magnitude of the covariance is not easily interpreted. A covariance value of zero indicates that both variables are completely independent."
   ]
  },
  {
   "cell_type": "code",
   "execution_count": 2,
   "metadata": {},
   "outputs": [],
   "source": [
    "# import libraries\n",
    "import pandas as pd\n",
    "import matplotlib.pyplot as plt\n",
    "import seaborn as sns\n",
    "import numpy as np\n",
    "\n",
    "#import dataset\n",
    "kashti = sns.load_dataset('titanic')\n",
    "phool  = sns.load_dataset('iris')"
   ]
  },
  {
   "cell_type": "code",
   "execution_count": 3,
   "metadata": {},
   "outputs": [
    {
     "data": {
      "text/html": [
       "<div>\n",
       "<style scoped>\n",
       "    .dataframe tbody tr th:only-of-type {\n",
       "        vertical-align: middle;\n",
       "    }\n",
       "\n",
       "    .dataframe tbody tr th {\n",
       "        vertical-align: top;\n",
       "    }\n",
       "\n",
       "    .dataframe thead th {\n",
       "        text-align: right;\n",
       "    }\n",
       "</style>\n",
       "<table border=\"1\" class=\"dataframe\">\n",
       "  <thead>\n",
       "    <tr style=\"text-align: right;\">\n",
       "      <th></th>\n",
       "      <th>survived</th>\n",
       "      <th>pclass</th>\n",
       "      <th>sex</th>\n",
       "      <th>age</th>\n",
       "      <th>sibsp</th>\n",
       "      <th>parch</th>\n",
       "      <th>fare</th>\n",
       "      <th>embarked</th>\n",
       "      <th>class</th>\n",
       "      <th>who</th>\n",
       "      <th>adult_male</th>\n",
       "      <th>deck</th>\n",
       "      <th>embark_town</th>\n",
       "      <th>alive</th>\n",
       "      <th>alone</th>\n",
       "    </tr>\n",
       "  </thead>\n",
       "  <tbody>\n",
       "    <tr>\n",
       "      <th>0</th>\n",
       "      <td>0</td>\n",
       "      <td>3</td>\n",
       "      <td>male</td>\n",
       "      <td>22.0</td>\n",
       "      <td>1</td>\n",
       "      <td>0</td>\n",
       "      <td>7.2500</td>\n",
       "      <td>S</td>\n",
       "      <td>Third</td>\n",
       "      <td>man</td>\n",
       "      <td>True</td>\n",
       "      <td>NaN</td>\n",
       "      <td>Southampton</td>\n",
       "      <td>no</td>\n",
       "      <td>False</td>\n",
       "    </tr>\n",
       "    <tr>\n",
       "      <th>1</th>\n",
       "      <td>1</td>\n",
       "      <td>1</td>\n",
       "      <td>female</td>\n",
       "      <td>38.0</td>\n",
       "      <td>1</td>\n",
       "      <td>0</td>\n",
       "      <td>71.2833</td>\n",
       "      <td>C</td>\n",
       "      <td>First</td>\n",
       "      <td>woman</td>\n",
       "      <td>False</td>\n",
       "      <td>C</td>\n",
       "      <td>Cherbourg</td>\n",
       "      <td>yes</td>\n",
       "      <td>False</td>\n",
       "    </tr>\n",
       "    <tr>\n",
       "      <th>2</th>\n",
       "      <td>1</td>\n",
       "      <td>3</td>\n",
       "      <td>female</td>\n",
       "      <td>26.0</td>\n",
       "      <td>0</td>\n",
       "      <td>0</td>\n",
       "      <td>7.9250</td>\n",
       "      <td>S</td>\n",
       "      <td>Third</td>\n",
       "      <td>woman</td>\n",
       "      <td>False</td>\n",
       "      <td>NaN</td>\n",
       "      <td>Southampton</td>\n",
       "      <td>yes</td>\n",
       "      <td>True</td>\n",
       "    </tr>\n",
       "    <tr>\n",
       "      <th>3</th>\n",
       "      <td>1</td>\n",
       "      <td>1</td>\n",
       "      <td>female</td>\n",
       "      <td>35.0</td>\n",
       "      <td>1</td>\n",
       "      <td>0</td>\n",
       "      <td>53.1000</td>\n",
       "      <td>S</td>\n",
       "      <td>First</td>\n",
       "      <td>woman</td>\n",
       "      <td>False</td>\n",
       "      <td>C</td>\n",
       "      <td>Southampton</td>\n",
       "      <td>yes</td>\n",
       "      <td>False</td>\n",
       "    </tr>\n",
       "    <tr>\n",
       "      <th>4</th>\n",
       "      <td>0</td>\n",
       "      <td>3</td>\n",
       "      <td>male</td>\n",
       "      <td>35.0</td>\n",
       "      <td>0</td>\n",
       "      <td>0</td>\n",
       "      <td>8.0500</td>\n",
       "      <td>S</td>\n",
       "      <td>Third</td>\n",
       "      <td>man</td>\n",
       "      <td>True</td>\n",
       "      <td>NaN</td>\n",
       "      <td>Southampton</td>\n",
       "      <td>no</td>\n",
       "      <td>True</td>\n",
       "    </tr>\n",
       "  </tbody>\n",
       "</table>\n",
       "</div>"
      ],
      "text/plain": [
       "   survived  pclass     sex   age  sibsp  parch     fare embarked  class  \\\n",
       "0         0       3    male  22.0      1      0   7.2500        S  Third   \n",
       "1         1       1  female  38.0      1      0  71.2833        C  First   \n",
       "2         1       3  female  26.0      0      0   7.9250        S  Third   \n",
       "3         1       1  female  35.0      1      0  53.1000        S  First   \n",
       "4         0       3    male  35.0      0      0   8.0500        S  Third   \n",
       "\n",
       "     who  adult_male deck  embark_town alive  alone  \n",
       "0    man        True  NaN  Southampton    no  False  \n",
       "1  woman       False    C    Cherbourg   yes  False  \n",
       "2  woman       False  NaN  Southampton   yes   True  \n",
       "3  woman       False    C  Southampton   yes  False  \n",
       "4    man        True  NaN  Southampton    no   True  "
      ]
     },
     "execution_count": 3,
     "metadata": {},
     "output_type": "execute_result"
    }
   ],
   "source": [
    "kashti.head()"
   ]
  },
  {
   "cell_type": "code",
   "execution_count": 4,
   "metadata": {},
   "outputs": [
    {
     "data": {
      "text/plain": [
       "array([[          nan,           nan],\n",
       "       [          nan, 2469.43684574]])"
      ]
     },
     "execution_count": 4,
     "metadata": {},
     "output_type": "execute_result"
    }
   ],
   "source": [
    "np.cov(kashti['age'], kashti['fare'])"
   ]
  },
  {
   "cell_type": "code",
   "execution_count": 5,
   "metadata": {},
   "outputs": [
    {
     "name": "stdout",
     "output_type": "stream",
     "text": [
      "Covariance between x and y: -2.5\n"
     ]
    }
   ],
   "source": [
    "import numpy as np\n",
    "\n",
    "# Example data\n",
    "x = np.array([1, 2, 3, 4, 5])\n",
    "y = np.array([5, 4, 3, 2, 1])\n",
    "\n",
    "# Calculate covariance\n",
    "covariance = np.cov(x, y)[0, 1]\n",
    "covariance\n",
    "print(f\"Covariance between x and y: {covariance}\")\n"
   ]
  },
  {
   "cell_type": "markdown",
   "metadata": {},
   "source": [
    "# Correlation instead of cov"
   ]
  },
  {
   "cell_type": "code",
   "execution_count": 6,
   "metadata": {},
   "outputs": [
    {
     "data": {
      "text/plain": [
       "Index(['survived', 'pclass', 'sex', 'age', 'sibsp', 'parch', 'fare',\n",
       "       'embarked', 'class', 'who', 'adult_male', 'deck', 'embark_town',\n",
       "       'alive', 'alone'],\n",
       "      dtype='object')"
      ]
     },
     "execution_count": 6,
     "metadata": {},
     "output_type": "execute_result"
    }
   ],
   "source": [
    "kashti.columns"
   ]
  },
  {
   "cell_type": "code",
   "execution_count": 7,
   "metadata": {},
   "outputs": [
    {
     "name": "stdout",
     "output_type": "stream",
     "text": [
      "<class 'pandas.core.frame.DataFrame'>\n",
      "RangeIndex: 891 entries, 0 to 890\n",
      "Data columns (total 15 columns):\n",
      " #   Column       Non-Null Count  Dtype   \n",
      "---  ------       --------------  -----   \n",
      " 0   survived     891 non-null    int64   \n",
      " 1   pclass       891 non-null    int64   \n",
      " 2   sex          891 non-null    object  \n",
      " 3   age          714 non-null    float64 \n",
      " 4   sibsp        891 non-null    int64   \n",
      " 5   parch        891 non-null    int64   \n",
      " 6   fare         891 non-null    float64 \n",
      " 7   embarked     889 non-null    object  \n",
      " 8   class        891 non-null    category\n",
      " 9   who          891 non-null    object  \n",
      " 10  adult_male   891 non-null    bool    \n",
      " 11  deck         203 non-null    category\n",
      " 12  embark_town  889 non-null    object  \n",
      " 13  alive        891 non-null    object  \n",
      " 14  alone        891 non-null    bool    \n",
      "dtypes: bool(2), category(2), float64(2), int64(4), object(5)\n",
      "memory usage: 80.7+ KB\n"
     ]
    }
   ],
   "source": [
    "kashti.info()"
   ]
  },
  {
   "cell_type": "code",
   "execution_count": 8,
   "metadata": {},
   "outputs": [
    {
     "data": {
      "text/html": [
       "<div>\n",
       "<style scoped>\n",
       "    .dataframe tbody tr th:only-of-type {\n",
       "        vertical-align: middle;\n",
       "    }\n",
       "\n",
       "    .dataframe tbody tr th {\n",
       "        vertical-align: top;\n",
       "    }\n",
       "\n",
       "    .dataframe thead th {\n",
       "        text-align: right;\n",
       "    }\n",
       "</style>\n",
       "<table border=\"1\" class=\"dataframe\">\n",
       "  <thead>\n",
       "    <tr style=\"text-align: right;\">\n",
       "      <th></th>\n",
       "      <th>survived</th>\n",
       "      <th>pclass</th>\n",
       "      <th>age</th>\n",
       "      <th>sibsp</th>\n",
       "      <th>parch</th>\n",
       "      <th>fare</th>\n",
       "      <th>adult_male</th>\n",
       "      <th>alone</th>\n",
       "    </tr>\n",
       "  </thead>\n",
       "  <tbody>\n",
       "    <tr>\n",
       "      <th>survived</th>\n",
       "      <td>1.000000</td>\n",
       "      <td>-0.338481</td>\n",
       "      <td>-0.077221</td>\n",
       "      <td>-0.035322</td>\n",
       "      <td>0.081629</td>\n",
       "      <td>0.257307</td>\n",
       "      <td>-0.557080</td>\n",
       "      <td>-0.203367</td>\n",
       "    </tr>\n",
       "    <tr>\n",
       "      <th>pclass</th>\n",
       "      <td>-0.338481</td>\n",
       "      <td>1.000000</td>\n",
       "      <td>-0.369226</td>\n",
       "      <td>0.083081</td>\n",
       "      <td>0.018443</td>\n",
       "      <td>-0.549500</td>\n",
       "      <td>0.094035</td>\n",
       "      <td>0.135207</td>\n",
       "    </tr>\n",
       "    <tr>\n",
       "      <th>age</th>\n",
       "      <td>-0.077221</td>\n",
       "      <td>-0.369226</td>\n",
       "      <td>1.000000</td>\n",
       "      <td>-0.308247</td>\n",
       "      <td>-0.189119</td>\n",
       "      <td>0.096067</td>\n",
       "      <td>0.280328</td>\n",
       "      <td>0.198270</td>\n",
       "    </tr>\n",
       "    <tr>\n",
       "      <th>sibsp</th>\n",
       "      <td>-0.035322</td>\n",
       "      <td>0.083081</td>\n",
       "      <td>-0.308247</td>\n",
       "      <td>1.000000</td>\n",
       "      <td>0.414838</td>\n",
       "      <td>0.159651</td>\n",
       "      <td>-0.253586</td>\n",
       "      <td>-0.584471</td>\n",
       "    </tr>\n",
       "    <tr>\n",
       "      <th>parch</th>\n",
       "      <td>0.081629</td>\n",
       "      <td>0.018443</td>\n",
       "      <td>-0.189119</td>\n",
       "      <td>0.414838</td>\n",
       "      <td>1.000000</td>\n",
       "      <td>0.216225</td>\n",
       "      <td>-0.349943</td>\n",
       "      <td>-0.583398</td>\n",
       "    </tr>\n",
       "    <tr>\n",
       "      <th>fare</th>\n",
       "      <td>0.257307</td>\n",
       "      <td>-0.549500</td>\n",
       "      <td>0.096067</td>\n",
       "      <td>0.159651</td>\n",
       "      <td>0.216225</td>\n",
       "      <td>1.000000</td>\n",
       "      <td>-0.182024</td>\n",
       "      <td>-0.271832</td>\n",
       "    </tr>\n",
       "    <tr>\n",
       "      <th>adult_male</th>\n",
       "      <td>-0.557080</td>\n",
       "      <td>0.094035</td>\n",
       "      <td>0.280328</td>\n",
       "      <td>-0.253586</td>\n",
       "      <td>-0.349943</td>\n",
       "      <td>-0.182024</td>\n",
       "      <td>1.000000</td>\n",
       "      <td>0.404744</td>\n",
       "    </tr>\n",
       "    <tr>\n",
       "      <th>alone</th>\n",
       "      <td>-0.203367</td>\n",
       "      <td>0.135207</td>\n",
       "      <td>0.198270</td>\n",
       "      <td>-0.584471</td>\n",
       "      <td>-0.583398</td>\n",
       "      <td>-0.271832</td>\n",
       "      <td>0.404744</td>\n",
       "      <td>1.000000</td>\n",
       "    </tr>\n",
       "  </tbody>\n",
       "</table>\n",
       "</div>"
      ],
      "text/plain": [
       "            survived    pclass       age     sibsp     parch      fare  \\\n",
       "survived    1.000000 -0.338481 -0.077221 -0.035322  0.081629  0.257307   \n",
       "pclass     -0.338481  1.000000 -0.369226  0.083081  0.018443 -0.549500   \n",
       "age        -0.077221 -0.369226  1.000000 -0.308247 -0.189119  0.096067   \n",
       "sibsp      -0.035322  0.083081 -0.308247  1.000000  0.414838  0.159651   \n",
       "parch       0.081629  0.018443 -0.189119  0.414838  1.000000  0.216225   \n",
       "fare        0.257307 -0.549500  0.096067  0.159651  0.216225  1.000000   \n",
       "adult_male -0.557080  0.094035  0.280328 -0.253586 -0.349943 -0.182024   \n",
       "alone      -0.203367  0.135207  0.198270 -0.584471 -0.583398 -0.271832   \n",
       "\n",
       "            adult_male     alone  \n",
       "survived     -0.557080 -0.203367  \n",
       "pclass        0.094035  0.135207  \n",
       "age           0.280328  0.198270  \n",
       "sibsp        -0.253586 -0.584471  \n",
       "parch        -0.349943 -0.583398  \n",
       "fare         -0.182024 -0.271832  \n",
       "adult_male    1.000000  0.404744  \n",
       "alone         0.404744  1.000000  "
      ]
     },
     "execution_count": 8,
     "metadata": {},
     "output_type": "execute_result"
    }
   ],
   "source": [
    "\n",
    "\n",
    "# Calculate correlation matrix using only numeric columns\n",
    "correlation_matrix = kashti.corr(numeric_only=True)\n",
    "\n",
    "correlation_matrix\n",
    "\n",
    "\n"
   ]
  },
  {
   "cell_type": "code",
   "execution_count": 9,
   "metadata": {},
   "outputs": [
    {
     "data": {
      "text/html": [
       "<div>\n",
       "<style scoped>\n",
       "    .dataframe tbody tr th:only-of-type {\n",
       "        vertical-align: middle;\n",
       "    }\n",
       "\n",
       "    .dataframe tbody tr th {\n",
       "        vertical-align: top;\n",
       "    }\n",
       "\n",
       "    .dataframe thead th {\n",
       "        text-align: right;\n",
       "    }\n",
       "</style>\n",
       "<table border=\"1\" class=\"dataframe\">\n",
       "  <thead>\n",
       "    <tr style=\"text-align: right;\">\n",
       "      <th></th>\n",
       "      <th>survived</th>\n",
       "      <th>pclass</th>\n",
       "      <th>age</th>\n",
       "      <th>sibsp</th>\n",
       "      <th>parch</th>\n",
       "      <th>fare</th>\n",
       "      <th>adult_male</th>\n",
       "      <th>alone</th>\n",
       "    </tr>\n",
       "  </thead>\n",
       "  <tbody>\n",
       "    <tr>\n",
       "      <th>survived</th>\n",
       "      <td>1.000000</td>\n",
       "      <td>-0.557294</td>\n",
       "      <td>-0.149456</td>\n",
       "      <td>0.156854</td>\n",
       "      <td>0.320839</td>\n",
       "      <td>0.560410</td>\n",
       "      <td>-0.803225</td>\n",
       "      <td>-0.448538</td>\n",
       "    </tr>\n",
       "    <tr>\n",
       "      <th>pclass</th>\n",
       "      <td>-0.557294</td>\n",
       "      <td>1.000000</td>\n",
       "      <td>-0.510222</td>\n",
       "      <td>0.064106</td>\n",
       "      <td>-0.075168</td>\n",
       "      <td>-0.822447</td>\n",
       "      <td>0.237341</td>\n",
       "      <td>0.219824</td>\n",
       "    </tr>\n",
       "    <tr>\n",
       "      <th>age</th>\n",
       "      <td>-0.149456</td>\n",
       "      <td>-0.510222</td>\n",
       "      <td>1.000000</td>\n",
       "      <td>-0.619105</td>\n",
       "      <td>-0.504997</td>\n",
       "      <td>0.086607</td>\n",
       "      <td>0.481380</td>\n",
       "      <td>0.443871</td>\n",
       "    </tr>\n",
       "    <tr>\n",
       "      <th>sibsp</th>\n",
       "      <td>0.156854</td>\n",
       "      <td>0.064106</td>\n",
       "      <td>-0.619105</td>\n",
       "      <td>1.000000</td>\n",
       "      <td>0.783354</td>\n",
       "      <td>0.307562</td>\n",
       "      <td>-0.583885</td>\n",
       "      <td>-0.872419</td>\n",
       "    </tr>\n",
       "    <tr>\n",
       "      <th>parch</th>\n",
       "      <td>0.320839</td>\n",
       "      <td>-0.075168</td>\n",
       "      <td>-0.504997</td>\n",
       "      <td>0.783354</td>\n",
       "      <td>1.000000</td>\n",
       "      <td>0.416289</td>\n",
       "      <td>-0.704850</td>\n",
       "      <td>-0.906804</td>\n",
       "    </tr>\n",
       "    <tr>\n",
       "      <th>fare</th>\n",
       "      <td>0.560410</td>\n",
       "      <td>-0.822447</td>\n",
       "      <td>0.086607</td>\n",
       "      <td>0.307562</td>\n",
       "      <td>0.416289</td>\n",
       "      <td>1.000000</td>\n",
       "      <td>-0.492920</td>\n",
       "      <td>-0.549518</td>\n",
       "    </tr>\n",
       "    <tr>\n",
       "      <th>adult_male</th>\n",
       "      <td>-0.803225</td>\n",
       "      <td>0.237341</td>\n",
       "      <td>0.481380</td>\n",
       "      <td>-0.583885</td>\n",
       "      <td>-0.704850</td>\n",
       "      <td>-0.492920</td>\n",
       "      <td>1.000000</td>\n",
       "      <td>0.736940</td>\n",
       "    </tr>\n",
       "    <tr>\n",
       "      <th>alone</th>\n",
       "      <td>-0.448538</td>\n",
       "      <td>0.219824</td>\n",
       "      <td>0.443871</td>\n",
       "      <td>-0.872419</td>\n",
       "      <td>-0.906804</td>\n",
       "      <td>-0.549518</td>\n",
       "      <td>0.736940</td>\n",
       "      <td>1.000000</td>\n",
       "    </tr>\n",
       "  </tbody>\n",
       "</table>\n",
       "</div>"
      ],
      "text/plain": [
       "            survived    pclass       age     sibsp     parch      fare  \\\n",
       "survived    1.000000 -0.557294 -0.149456  0.156854  0.320839  0.560410   \n",
       "pclass     -0.557294  1.000000 -0.510222  0.064106 -0.075168 -0.822447   \n",
       "age        -0.149456 -0.510222  1.000000 -0.619105 -0.504997  0.086607   \n",
       "sibsp       0.156854  0.064106 -0.619105  1.000000  0.783354  0.307562   \n",
       "parch       0.320839 -0.075168 -0.504997  0.783354  1.000000  0.416289   \n",
       "fare        0.560410 -0.822447  0.086607  0.307562  0.416289  1.000000   \n",
       "adult_male -0.803225  0.237341  0.481380 -0.583885 -0.704850 -0.492920   \n",
       "alone      -0.448538  0.219824  0.443871 -0.872419 -0.906804 -0.549518   \n",
       "\n",
       "            adult_male     alone  \n",
       "survived     -0.803225 -0.448538  \n",
       "pclass        0.237341  0.219824  \n",
       "age           0.481380  0.443871  \n",
       "sibsp        -0.583885 -0.872419  \n",
       "parch        -0.704850 -0.906804  \n",
       "fare         -0.492920 -0.549518  \n",
       "adult_male    1.000000  0.736940  \n",
       "alone         0.736940  1.000000  "
      ]
     },
     "execution_count": 9,
     "metadata": {},
     "output_type": "execute_result"
    }
   ],
   "source": [
    "corr = correlation_matrix.corr(method='pearson')   # for normal data\n",
    "corr\n",
    "\n",
    "\n"
   ]
  },
  {
   "cell_type": "code",
   "execution_count": 10,
   "metadata": {},
   "outputs": [
    {
     "data": {
      "text/html": [
       "<div>\n",
       "<style scoped>\n",
       "    .dataframe tbody tr th:only-of-type {\n",
       "        vertical-align: middle;\n",
       "    }\n",
       "\n",
       "    .dataframe tbody tr th {\n",
       "        vertical-align: top;\n",
       "    }\n",
       "\n",
       "    .dataframe thead th {\n",
       "        text-align: right;\n",
       "    }\n",
       "</style>\n",
       "<table border=\"1\" class=\"dataframe\">\n",
       "  <thead>\n",
       "    <tr style=\"text-align: right;\">\n",
       "      <th></th>\n",
       "      <th>survived</th>\n",
       "      <th>pclass</th>\n",
       "      <th>age</th>\n",
       "      <th>sibsp</th>\n",
       "      <th>parch</th>\n",
       "      <th>fare</th>\n",
       "      <th>adult_male</th>\n",
       "      <th>alone</th>\n",
       "    </tr>\n",
       "  </thead>\n",
       "  <tbody>\n",
       "    <tr>\n",
       "      <th>survived</th>\n",
       "      <td>1.000000</td>\n",
       "      <td>-0.738095</td>\n",
       "      <td>-0.190476</td>\n",
       "      <td>0.428571</td>\n",
       "      <td>0.666667</td>\n",
       "      <td>0.904762</td>\n",
       "      <td>-0.857143</td>\n",
       "      <td>-0.642857</td>\n",
       "    </tr>\n",
       "    <tr>\n",
       "      <th>pclass</th>\n",
       "      <td>-0.738095</td>\n",
       "      <td>1.000000</td>\n",
       "      <td>-0.357143</td>\n",
       "      <td>-0.166667</td>\n",
       "      <td>-0.404762</td>\n",
       "      <td>-0.857143</td>\n",
       "      <td>0.404762</td>\n",
       "      <td>0.380952</td>\n",
       "    </tr>\n",
       "    <tr>\n",
       "      <th>age</th>\n",
       "      <td>-0.190476</td>\n",
       "      <td>-0.357143</td>\n",
       "      <td>1.000000</td>\n",
       "      <td>-0.738095</td>\n",
       "      <td>-0.619048</td>\n",
       "      <td>0.000000</td>\n",
       "      <td>0.595238</td>\n",
       "      <td>0.642857</td>\n",
       "    </tr>\n",
       "    <tr>\n",
       "      <th>sibsp</th>\n",
       "      <td>0.428571</td>\n",
       "      <td>-0.166667</td>\n",
       "      <td>-0.738095</td>\n",
       "      <td>1.000000</td>\n",
       "      <td>0.928571</td>\n",
       "      <td>0.476190</td>\n",
       "      <td>-0.666667</td>\n",
       "      <td>-0.952381</td>\n",
       "    </tr>\n",
       "    <tr>\n",
       "      <th>parch</th>\n",
       "      <td>0.666667</td>\n",
       "      <td>-0.404762</td>\n",
       "      <td>-0.619048</td>\n",
       "      <td>0.928571</td>\n",
       "      <td>1.000000</td>\n",
       "      <td>0.666667</td>\n",
       "      <td>-0.833333</td>\n",
       "      <td>-0.976190</td>\n",
       "    </tr>\n",
       "    <tr>\n",
       "      <th>fare</th>\n",
       "      <td>0.904762</td>\n",
       "      <td>-0.857143</td>\n",
       "      <td>0.000000</td>\n",
       "      <td>0.476190</td>\n",
       "      <td>0.666667</td>\n",
       "      <td>1.000000</td>\n",
       "      <td>-0.690476</td>\n",
       "      <td>-0.642857</td>\n",
       "    </tr>\n",
       "    <tr>\n",
       "      <th>adult_male</th>\n",
       "      <td>-0.857143</td>\n",
       "      <td>0.404762</td>\n",
       "      <td>0.595238</td>\n",
       "      <td>-0.666667</td>\n",
       "      <td>-0.833333</td>\n",
       "      <td>-0.690476</td>\n",
       "      <td>1.000000</td>\n",
       "      <td>0.809524</td>\n",
       "    </tr>\n",
       "    <tr>\n",
       "      <th>alone</th>\n",
       "      <td>-0.642857</td>\n",
       "      <td>0.380952</td>\n",
       "      <td>0.642857</td>\n",
       "      <td>-0.952381</td>\n",
       "      <td>-0.976190</td>\n",
       "      <td>-0.642857</td>\n",
       "      <td>0.809524</td>\n",
       "      <td>1.000000</td>\n",
       "    </tr>\n",
       "  </tbody>\n",
       "</table>\n",
       "</div>"
      ],
      "text/plain": [
       "            survived    pclass       age     sibsp     parch      fare  \\\n",
       "survived    1.000000 -0.738095 -0.190476  0.428571  0.666667  0.904762   \n",
       "pclass     -0.738095  1.000000 -0.357143 -0.166667 -0.404762 -0.857143   \n",
       "age        -0.190476 -0.357143  1.000000 -0.738095 -0.619048  0.000000   \n",
       "sibsp       0.428571 -0.166667 -0.738095  1.000000  0.928571  0.476190   \n",
       "parch       0.666667 -0.404762 -0.619048  0.928571  1.000000  0.666667   \n",
       "fare        0.904762 -0.857143  0.000000  0.476190  0.666667  1.000000   \n",
       "adult_male -0.857143  0.404762  0.595238 -0.666667 -0.833333 -0.690476   \n",
       "alone      -0.642857  0.380952  0.642857 -0.952381 -0.976190 -0.642857   \n",
       "\n",
       "            adult_male     alone  \n",
       "survived     -0.857143 -0.642857  \n",
       "pclass        0.404762  0.380952  \n",
       "age           0.595238  0.642857  \n",
       "sibsp        -0.666667 -0.952381  \n",
       "parch        -0.833333 -0.976190  \n",
       "fare         -0.690476 -0.642857  \n",
       "adult_male    1.000000  0.809524  \n",
       "alone         0.809524  1.000000  "
      ]
     },
     "execution_count": 10,
     "metadata": {},
     "output_type": "execute_result"
    }
   ],
   "source": [
    "corr1 = correlation_matrix.corr(method='spearman')  # for non-gaussian distribution\n",
    "corr1"
   ]
  },
  {
   "cell_type": "code",
   "execution_count": 11,
   "metadata": {},
   "outputs": [
    {
     "data": {
      "text/plain": [
       "<Axes: xlabel='adult_male', ylabel='alone'>"
      ]
     },
     "execution_count": 11,
     "metadata": {},
     "output_type": "execute_result"
    },
    {
     "data": {
